$ANSIBLE_VAULT;1.1;AES256
64303366336564626465333535336563646638363336333366393634366465366134623230303830
3730316238386437363631396365333738643534363231630a643036643131643866663339613439
65356637366532653263326163343032363761613563613763383866376137303032356461643565
3464343663323536660a323038306633323037663665306137383061323264613834373139343032
33643733633232303030373262393566663066613036326230323033623132653338636632363764
30306436663735396562623230626635366365656438353731633438623136373630646135616331
64343836626634333766363231633266383332636631326634396265336661386363643833666339
39643338316139643936376133383931333862663662333930323361353230383439613762323739
65643865613832666337376238303062653931623035633933306639663830616661633435383939
61656230333131316262613234653934333137303637303032393065633965346537333864373936
64316332333338373966356364363339383361313333656233393161663631326266363830333432
32313866613534313262383037383562333734396266383062313133386538633464343934666666
31633063653565633462336430313530306236366233303834623261313339663564323432663633
31393938343535363437393532333936313133353131393335316361353761376437393132393262
38366631373835316631623066316130643532333834373262316534303633613634643639616638
30633030313832366439643436626331343639643937393430626233656639336230323964363463
39333138303862393133633963326336393061393130613239373863396535376439363630336433
33343139613330333232373734383531373631643236656363613461363832323134306634623165
30653834393465303061653639363231306566326265346565636239313264363662316437643361
66323933643337393561333834616131313064346661653339313139656665373131633665663138
38356235343139303636376363616138326538336330303736313735653837346562383032356462
66623938633530383661333765323330626331323939306637663630373037306238316462663139
35383964303363303636383266356632333232326137376437393661383134353337383666646665
30306232323438303931383938626264386362613161303461326265313766366631366437643564
65396566623938363434366437326330373235616534333262323166333234316536646561636230
33386233663464363735376230613365346434303437363162353236336332343530656332363730
66323832373362643238636164623664316566623935386162343037326134333030326561313036
30313764303734646631666533336365303337323236323366333634386238323238373931386463
37376139376239323538633762663636636135313665656237346263363933353936396362663562
64313432326531623733633562343165636335393036343038306264313962313539313039313930
35663237363732343364326230643133346239393931636532343739656562383262393564366131
64643130663834613331353262343761633165393862353266666236613439633737626239333261
64376133643664376530326464303937363163366263326366306435363037393735373232626633
65656366633233333863663162386635626337343264373238383635346338363232383861303962
36333530636430623738616530333830623836626436353162326135666363386262613861616436
34353735313136373436666139363438623934323938323930386165623664306261646362633065
38643330333161653564613666326230373234636261396461363862313436323533
